0 1199 -4.95 1.47 0.44 0.15
0 1546 -4.95 1.52 0.45 0.2
0 1557 -4.95 1.52 0.43 0.2
1 1701 1705
-1

WIP
f 2453 -1.42 2.31 -3.10
f 2458: -0.92 2.83 -3.10
	
	2471: -2.23 2.21 -3.10
	2476: -2.82 2.73 -3.10
	
	uzsitraukia: 2596-2610
	
	2627: -3.49 2.28 -3.10
	2636: -2.84 2.94 -3.10
	
	2648: -3.88 2.25 -3.10
	2654: -4.43 3.04 -3.10
	
	uzsitraukia: 2938-2960
	
Antra ataka:
	3044: -4.95 1.59 0.76
	3046: -4.95 1.76 2.64
	3048: -4.95 1.87 4.32
	3051: -3.79 1.90 4.73
	3054: -1.45 2.10 4.73
	
	uzsitraukia: 3483-3572
	
Trecia ataka:
	3774-3793
	